out_file1.txt
out_file2.txt
importMaze Mazes/Invalid1.txt False			      |	importMaze Mazes/Invalid1.txt True
importMaze Mazes/Invalid2.txt False			      |	importMaze Mazes/Invalid2.txt True
1 1 0 1 0						      |	1 1 1 1 1
0 0 0 1 0						      |	1 1 1 1 1
1 1 1 1 0						      |	1 1 1 1 1
1 0 0 0 0						      |	1 1 1 1 1
1 0 0 0 0						      |	1 1 1 1 1
0 1 0 1 0						      |	1 1 1 1 1
0 0 0 0 0						      |	1 1 1 1 1
0 0 0 0 0						      |	1 1 1 1 1
0 0 0 0 0						      |	1 1 1 1 1
1 0 0 0 0						      |	1 1 1 1 1
0 1 0 1 0						      |	1 1 1 1 1
0 1 0 0 0						      |	1 1 1 1 1
0 1 1 1 0						      |	1 1 1 1 1
0 0 0 0 0						      |	1 1 1 1 1
1 0 0 0 0						      |	1 1 1 1 1
0 0 0 1 0						      |	1 1 1 1 1
0 0 0 0 0						      |	1 1 1 1 1
0 0 0 1 0						      |	1 1 1 1 1
0 0 0 0 0						      |	1 1 1 1 1
1 0 0 0 0						      |	1 1 1 1 1
0 0 0 1 0						      |	1 1 1 1 1
0 0 0 1 0						      |	1 1 1 1 1
0 0 0 1 0						      |	1 1 1 1 1
0 0 0 0 0						      |	1 1 1 1 1
importMaze Mazes/Invalid3.txt False			      |	importMaze Mazes/Invalid3.txt True
importMaze Mazes/Invalid4.txt False			      |	importMaze Mazes/Invalid4.txt True
importMaze Mazes/Invalid5.txt False			      |	importMaze Mazes/Invalid5.txt True
importMaze Mazes/Nonexistant.txt False			      |	importMaze Mazes/Nonexistant.txt True
out_file3.txt
solveMaze VALID solution given				      |	solveMaze
							      >	INVALID solution. Maze has been altered from: 
							      >	1 1 0 1 0
							      >	0 0 0 1 0
							      >	1 1 1 1 0
							      >	1 0 0 0 0
							      >	1 0 0 0 0
							      >
							      >	0 1 0 1 0
							      >	0 0 0 0 0
							      >	0 0 0 0 0
							      >	0 0 0 0 0
							      >	1 0 0 0 0
							      >
							      >	0 1 0 1 0
							      >	0 1 0 0 0
							      >	0 1 1 1 0
							      >	0 0 0 0 0
							      >	1 0 0 0 0
							      >
							      >	0 0 0 1 0
							      >	0 0 0 0 0
							      >	0 0 0 1 0
							      >	0 0 0 0 0
							      >	1 0 0 0 0
							      >
							      >	0 0 0 1 0
							      >	0 0 0 1 0
							      >	0 0 0 1 0
							      >	0 0 0 0 0
							      >	1 1 1 1 1
							      >
							      >	...to: 
							      >
							      >	3 3 0 3 0
							      >	0 0 0 3 0
							      >	3 3 3 3 0
							      >	3 0 0 0 0
							      >	3 0 0 0 0
							      >
							      >	0 3 0 3 0
							      >	0 0 0 0 0
							      >	0 0 0 0 0
							      >	0 0 0 0 0
							      >	3 0 0 0 0
							      >
							      >	0 3 0 3 0
							      >	0 3 0 0 0
							      >	0 3 3 3 0
							      >	0 0 0 0 0
							      >	3 0 0 0 0
							      >
							      >	0 0 0 3 0
							      >	0 0 0 0 0
							      >	0 0 0 3 0
							      >	0 0 0 0 0
							      >	3 0 0 0 0
							      >
							      >	0 0 0 3 0
							      >	0 0 0 3 0
							      >	0 0 0 3 0
							      >	0 0 0 0 0
							      >	3 3 3 3 3
							      >
solveMaze VALID solution given				      |	solveMaze
							      >	INVALID solution. Maze has been altered from: 
							      >	1 0 1 1 1
							      >	1 1 1 1 0
							      >	0 1 0 0 1
							      >	0 1 1 0 0
							      >	0 0 0 0 1
							      >
							      >	1 0 1 0 0
							      >	1 0 1 0 0
							      >	1 0 0 0 1
							      >	1 0 0 1 1
							      >	0 0 1 1 1
							      >
							      >	1 1 0 0 0
							      >	0 1 0 0 1
							      >	1 0 0 0 0
							      >	0 0 0 1 1
							      >	0 1 1 0 0
							      >
							      >	0 1 1 1 0
							      >	1 1 0 1 1
							      >	0 1 0 1 1
							      >	0 0 1 0 0
							      >	0 1 0 1 1
							      >
							      >	0 0 1 1 0
							      >	0 0 0 0 0
							      >	0 1 1 0 1
							      >	0 1 1 1 0
							      >	0 1 1 1 1
							      >
							      >	...to: 
							      >
							      >	3 0 2 2 2
							      >	3 2 2 2 0
							      >	0 2 0 0 1
							      >	0 2 2 0 0
							      >	0 0 0 0 1
							      >
							      >	3 0 2 0 0
							      >	3 0 2 0 0
							      >	1 0 0 0 1
							      >	1 0 0 1 1
							      >	0 0 1 1 1
							      >
							      >	3 3 0 0 0
							      >	0 3 0 0 2
							      >	1 0 0 0 0
							      >	0 0 0 1 1
							      >	0 1 1 0 0
							      >
							      >	0 2 2 2 0
							      >	1 3 0 2 2
							      >	0 3 0 2 2
							      >	0 0 1 0 0
							      >	0 1 0 1 1
							      >
							      >	0 0 2 2 0
							      >	0 0 0 0 0
							      >	0 3 2 0 2
							      >	0 3 3 3 0
							      >	0 3 3 3 3
							      >
solveMaze VALID solution given				      |	solveMaze
							      >	INVALID solution. Maze has been altered from: 
							      >	1 1 1 1 1
							      >	1 1 1 1 1
							      >	1 1 1 1 1
							      >	1 1 1 1 1
							      >	1 1 1 1 1
							      >
							      >	1 1 1 1 1
							      >	1 1 1 1 1
							      >	1 1 1 1 1
							      >	1 1 1 1 1
							      >	1 1 1 1 1
							      >
							      >	1 1 1 1 1
							      >	1 1 1 1 1
							      >	1 1 1 1 1
							      >	1 1 1 1 1
							      >	1 1 1 1 1
							      >
							      >	1 1 1 1 1
							      >	1 1 1 1 1
							      >	1 1 1 1 1
							      >	1 1 1 1 1
							      >	1 1 1 1 1
							      >
							      >	1 1 1 1 1
							      >	1 1 1 1 1
							      >	1 1 1 1 1
							      >	1 1 1 1 1
							      >	1 1 1 1 1
							      >
							      >	...to: 
							      >
							      >	3 3 3 3 3
							      >	3 3 3 3 3
							      >	3 3 3 3 3
							      >	3 3 3 3 3
							      >	3 3 3 3 3
							      >
							      >	1 1 1 1 1
							      >	1 1 1 1 1
							      >	1 1 1 1 1
							      >	1 1 1 1 1
							      >	1 1 1 1 1
							      >
							      >	1 1 1 1 1
							      >	1 1 1 1 1
							      >	1 1 1 1 1
							      >	1 1 1 1 1
							      >	1 1 1 1 1
							      >
							      >	1 1 1 1 1
							      >	1 1 1 1 1
							      >	1 1 1 1 1
							      >	1 1 1 1 1
							      >	1 1 1 1 1
							      >
							      >	1 1 1 1 1
							      >	1 1 1 1 1
							      >	1 1 1 1 1
							      >	1 1 1 1 1
							      >	1 1 1 1 1
							      >
out_file4.txt
solveMaze Maze has no valid solution			      |	solveMaze
							      >	INVALID solution. Maze has been altered from: 
							      >	1 1 0 1 0
							      >	0 0 0 1 0
							      >	1 1 1 1 0
							      >	1 0 0 0 0
							      >	1 0 0 0 0
							      >
							      >	0 1 0 1 0
							      >	0 0 0 0 0
							      >	0 0 0 0 0
							      >	0 0 0 0 0
							      >	1 0 0 0 0
							      >
							      >	0 1 0 1 0
							      >	0 1 0 0 0
							      >	0 1 1 1 0
							      >	0 0 0 0 0
							      >	1 0 0 0 0
							      >
							      >	0 0 0 1 0
							      >	0 0 0 0 0
							      >	0 0 0 1 0
							      >	0 0 0 0 0
							      >	1 0 0 0 0
							      >
							      >	0 0 0 1 0
							      >	0 0 0 1 0
							      >	0 0 0 1 0
							      >	0 0 0 0 0
							      >	1 1 1 0 1
							      >
							      >	...to: 
							      >
							      >	2 2 0 2 0
							      >	0 0 0 2 0
							      >	2 2 2 2 0
							      >	2 0 0 0 0
							      >	2 0 0 0 0
							      >
							      >	0 2 0 2 0
							      >	0 0 0 0 0
							      >	0 0 0 0 0
							      >	0 0 0 0 0
							      >	2 0 0 0 0
							      >
							      >	0 2 0 2 0
							      >	0 2 0 0 0
							      >	0 2 2 2 0
							      >	0 0 0 0 0
							      >	2 0 0 0 0
							      >
							      >	0 0 0 2 0
							      >	0 0 0 0 0
							      >	0 0 0 2 0
							      >	0 0 0 0 0
							      >	2 0 0 0 0
							      >
							      >	0 0 0 2 0
							      >	0 0 0 2 0
							      >	0 0 0 2 0
							      >	0 0 0 0 0
							      >	2 2 2 0 1
							      >
solveMaze Maze has no valid solution			      |	solveMaze
							      >	INVALID solution. Maze has been altered from: 
							      >	1 0 1 1 1
							      >	1 1 1 1 0
							      >	0 1 0 0 1
							      >	0 1 1 0 0
							      >	0 0 0 0 1
							      >
							      >	1 0 1 0 0
							      >	1 0 1 0 0
							      >	1 0 0 0 1
							      >	1 0 0 1 1
							      >	0 0 1 1 1
							      >
							      >	1 1 0 0 0
							      >	0 1 0 0 1
							      >	1 0 0 0 0
							      >	0 0 0 1 1
							      >	0 1 1 0 0
							      >
							      >	0 1 1 1 0
							      >	1 1 0 1 1
							      >	0 1 0 1 1
							      >	0 0 1 0 0
							      >	0 1 0 1 1
							      >
							      >	0 0 1 1 0
							      >	0 0 0 0 0
							      >	0 1 1 0 1
							      >	0 1 1 1 0
							      >	0 1 1 0 1
							      >
							      >	...to: 
							      >
							      >	3 0 2 2 2
							      >	3 2 2 2 0
							      >	0 2 0 0 2
							      >	0 2 2 0 0
							      >	0 0 0 0 1
							      >
							      >	3 0 2 0 0
							      >	3 0 2 0 0
							      >	1 0 0 0 2
							      >	1 0 0 3 3
							      >	0 0 3 3 3
							      >
							      >	3 3 0 0 0
							      >	0 3 0 0 2
							      >	1 0 0 0 0
							      >	0 0 0 1 1
							      >	0 3 3 0 0
							      >
							      >	0 2 2 2 0
							      >	1 3 0 2 2
							      >	0 3 0 2 2
							      >	0 0 2 0 0
							      >	0 3 0 1 1
							      >
							      >	0 0 2 2 0
							      >	0 0 0 0 0
							      >	0 3 2 0 2
							      >	0 3 2 2 0
							      >	0 3 2 0 1
							      >
solveMaze Maze has no valid solution			      |	solveMaze
							      >	INVALID solution. Maze has been altered from: 
							      >	1 1 1 1 1
							      >	1 1 1 1 1
							      >	1 1 1 1 1
							      >	1 1 1 1 1
							      >	1 1 1 1 1
							      >
							      >	1 1 1 1 1
							      >	1 1 1 1 1
							      >	1 1 1 1 1
							      >	1 1 1 1 1
							      >	1 1 1 1 1
							      >
							      >	1 1 1 1 1
							      >	1 1 1 1 1
							      >	1 1 1 1 1
							      >	1 1 1 1 1
							      >	1 1 1 1 1
							      >
							      >	1 1 1 1 1
							      >	1 1 1 1 1
							      >	1 1 1 1 1
							      >	1 1 1 1 1
							      >	1 1 1 1 0
							      >
							      >	1 1 1 1 1
							      >	1 1 1 1 1
							      >	1 1 1 1 1
							      >	1 1 1 1 0
							      >	1 1 1 0 1
							      >
							      >	...to: 
							      >
							      >	3 3 3 3 3
							      >	3 3 3 3 3
							      >	3 3 3 3 3
							      >	3 3 3 3 3
							      >	3 3 3 3 3
							      >
							      >	1 1 1 1 1
							      >	1 1 1 1 1
							      >	1 1 1 1 1
							      >	1 1 1 1 1
							      >	1 1 1 1 1
							      >
							      >	1 1 1 1 1
							      >	1 1 1 1 1
							      >	1 1 1 1 1
							      >	1 1 1 1 1
							      >	1 1 1 1 1
							      >
							      >	1 1 1 1 1
							      >	1 1 1 1 1
							      >	1 1 1 1 1
							      >	1 1 1 1 1
							      >	1 1 1 1 0
							      >
							      >	1 1 1 1 1
							      >	1 1 1 1 1
							      >	1 1 1 1 1
							      >	1 1 1 1 0
							      >	1 1 1 0 1
							      >
