importMaze Mazes/Solvable1.txt True
toString
1 1 0 1 0
0 0 0 1 0
1 1 1 1 0
1 0 0 0 0
1 0 0 0 0

0 1 0 1 0
0 0 0 0 0
0 0 0 0 0
0 0 0 0 0
1 0 0 0 0

0 1 0 1 0
0 1 0 0 0
0 1 1 1 0
0 0 0 0 0
1 0 0 0 0

0 0 0 1 0
0 0 0 0 0
0 0 0 1 0
0 0 0 0 0
1 0 0 0 0

0 0 0 1 0
0 0 0 1 0
0 0 0 1 0
0 0 0 0 0
1 1 1 1 1

solveMaze
INVALID solution. Maze has been altered from: 
1 1 0 1 0
0 0 0 1 0
1 1 1 1 0
1 0 0 0 0
1 0 0 0 0

0 1 0 1 0
0 0 0 0 0
0 0 0 0 0
0 0 0 0 0
1 0 0 0 0

0 1 0 1 0
0 1 0 0 0
0 1 1 1 0
0 0 0 0 0
1 0 0 0 0

0 0 0 1 0
0 0 0 0 0
0 0 0 1 0
0 0 0 0 0
1 0 0 0 0

0 0 0 1 0
0 0 0 1 0
0 0 0 1 0
0 0 0 0 0
1 1 1 1 1

...to: 

3 3 0 3 0
0 0 0 3 0
3 3 3 3 0
3 0 0 0 0
3 0 0 0 0

0 3 0 3 0
0 0 0 0 0
0 0 0 0 0
0 0 0 0 0
3 0 0 0 0

0 3 0 3 0
0 3 0 0 0
0 3 3 3 0
0 0 0 0 0
3 0 0 0 0

0 0 0 3 0
0 0 0 0 0
0 0 0 3 0
0 0 0 0 0
3 0 0 0 0

0 0 0 3 0
0 0 0 3 0
0 0 0 3 0
0 0 0 0 0
3 3 3 3 3

importMaze Mazes/Solvable2.txt True
toString
1 0 1 1 1
1 1 1 1 0
0 1 0 0 1
0 1 1 0 0
0 0 0 0 1

1 0 1 0 0
1 0 1 0 0
1 0 0 0 1
1 0 0 1 1
0 0 1 1 1

1 1 0 0 0
0 1 0 0 1
1 0 0 0 0
0 0 0 1 1
0 1 1 0 0

0 1 1 1 0
1 1 0 1 1
0 1 0 1 1
0 0 1 0 0
0 1 0 1 1

0 0 1 1 0
0 0 0 0 0
0 1 1 0 1
0 1 1 1 0
0 1 1 1 1

solveMaze
INVALID solution. Maze has been altered from: 
1 0 1 1 1
1 1 1 1 0
0 1 0 0 1
0 1 1 0 0
0 0 0 0 1

1 0 1 0 0
1 0 1 0 0
1 0 0 0 1
1 0 0 1 1
0 0 1 1 1

1 1 0 0 0
0 1 0 0 1
1 0 0 0 0
0 0 0 1 1
0 1 1 0 0

0 1 1 1 0
1 1 0 1 1
0 1 0 1 1
0 0 1 0 0
0 1 0 1 1

0 0 1 1 0
0 0 0 0 0
0 1 1 0 1
0 1 1 1 0
0 1 1 1 1

...to: 

3 0 2 2 2
3 2 2 2 0
0 2 0 0 1
0 2 2 0 0
0 0 0 0 1

3 0 2 0 0
3 0 2 0 0
1 0 0 0 1
1 0 0 1 1
0 0 1 1 1

3 3 0 0 0
0 3 0 0 2
1 0 0 0 0
0 0 0 1 1
0 1 1 0 0

0 2 2 2 0
1 3 0 2 2
0 3 0 2 2
0 0 1 0 0
0 1 0 1 1

0 0 2 2 0
0 0 0 0 0
0 3 2 0 2
0 3 3 3 0
0 3 3 3 3

importMaze Mazes/Solvable3.txt True
toString
1 1 1 1 1
1 1 1 1 1
1 1 1 1 1
1 1 1 1 1
1 1 1 1 1

1 1 1 1 1
1 1 1 1 1
1 1 1 1 1
1 1 1 1 1
1 1 1 1 1

1 1 1 1 1
1 1 1 1 1
1 1 1 1 1
1 1 1 1 1
1 1 1 1 1

1 1 1 1 1
1 1 1 1 1
1 1 1 1 1
1 1 1 1 1
1 1 1 1 1

1 1 1 1 1
1 1 1 1 1
1 1 1 1 1
1 1 1 1 1
1 1 1 1 1

solveMaze
INVALID solution. Maze has been altered from: 
1 1 1 1 1
1 1 1 1 1
1 1 1 1 1
1 1 1 1 1
1 1 1 1 1

1 1 1 1 1
1 1 1 1 1
1 1 1 1 1
1 1 1 1 1
1 1 1 1 1

1 1 1 1 1
1 1 1 1 1
1 1 1 1 1
1 1 1 1 1
1 1 1 1 1

1 1 1 1 1
1 1 1 1 1
1 1 1 1 1
1 1 1 1 1
1 1 1 1 1

1 1 1 1 1
1 1 1 1 1
1 1 1 1 1
1 1 1 1 1
1 1 1 1 1

...to: 

3 3 3 3 3
3 3 3 3 3
3 3 3 3 3
3 3 3 3 3
3 3 3 3 3

1 1 1 1 1
1 1 1 1 1
1 1 1 1 1
1 1 1 1 1
1 1 1 1 1

1 1 1 1 1
1 1 1 1 1
1 1 1 1 1
1 1 1 1 1
1 1 1 1 1

1 1 1 1 1
1 1 1 1 1
1 1 1 1 1
1 1 1 1 1
1 1 1 1 1

1 1 1 1 1
1 1 1 1 1
1 1 1 1 1
1 1 1 1 1
1 1 1 1 1

