toString
0 -1610612736 1936588858 1635150959 828730466
1954051118 0 0 0 0
0 -1610612736 0 -1610612736 1936588855
1635150959 828730466 1954051118 824193280 824193312
822751520 209184 0 -1610612736 0

-1610612736 170983476 540090417 540090417 540084785
540090417 170991665 540090417 540090417 822741553
824193312 824193312 824193290 824193312 822751520
824193312 824193312 824193290 824193312 822751520
824193312 824193312 540084746 540090417 170991665

540090417 540090417 540084785 540090417 170991665
540090417 540090417 540084785 540090417 170991665
824193290 824193312 822751520 824193312 824193312
824193290 824193312 822751520 824193312 2109728
0 -1610612736 0 -1610612736 170983464

540090417 540090417 540084785 540090417 170991665
540090417 540090417 822741553 824193312 824193312
824193290 824193312 822751520 824193312 824193312
824193290 824193312 822751520 824193312 824193312
540084746 540090417 170991665 540090417 540090417

540084785 540090417 170991665 540090417 540090417
540084785 540090417 170991665 824193290 824193312
822751520 824193312 824193312 824193290 824193312
822751520 824193312 824193312 824193290 824193312
168440096 540090417 540090417 540084785 540090417

importMaze Mazes/Invalid1.txt True
toString
1 1 1 1 1
1 1 1 1 1
1 1 1 1 1
1 1 1 1 1
1 1 1 1 1

1 1 1 1 1
1 1 1 1 1
1 1 1 1 1
1 1 1 1 1
1 1 1 1 1

1 1 1 1 1
1 1 1 1 1
1 1 1 1 1
1 1 1 1 1
1 1 1 1 1

1 1 1 1 1
1 1 1 1 1
1 1 1 1 1
1 1 1 1 1
1 1 1 1 1

1 1 1 1 1
1 1 1 1 1
1 1 1 1 1
1 1 1 1 1
1 1 1 1 1

importMaze Mazes/Solvable1.txt True
toString
1 1 0 1 0
0 0 0 1 0
1 1 1 1 0
1 0 0 0 0
1 0 0 0 0

0 1 0 1 0
0 0 0 0 0
0 0 0 0 0
0 0 0 0 0
1 0 0 0 0

0 1 0 1 0
0 1 0 0 0
0 1 1 1 0
0 0 0 0 0
1 0 0 0 0

0 0 0 1 0
0 0 0 0 0
0 0 0 1 0
0 0 0 0 0
1 0 0 0 0

0 0 0 1 0
0 0 0 1 0
0 0 0 1 0
0 0 0 0 0
1 1 1 1 1

importMaze Mazes/Invalid2.txt True
toString
1 1 1 1 1
1 1 1 1 1
1 1 1 1 1
1 1 1 1 1
1 1 1 1 1

1 1 1 1 1
1 1 1 1 1
1 1 1 1 1
1 1 1 1 1
1 1 1 1 1

1 1 1 1 1
1 1 1 1 1
1 1 1 1 1
1 1 1 1 1
1 1 1 1 1

1 1 1 1 1
1 1 1 1 1
1 1 1 1 1
1 1 1 1 1
1 1 1 1 1

1 1 1 1 1
1 1 1 1 1
1 1 1 1 1
1 1 1 1 1
1 1 1 1 1

importMaze Mazes/Invalid3.txt True
importMaze Mazes/Invalid4.txt True
importMaze Mazes/Invalid5.txt True
importMaze Mazes/Nonexistant.txt True
